# ASW,CEU;CHB,MSL
0.000000000000000000e+00
-1.746712531332563460e+08
-5.042997602106460370e+06
-5.361340342987796292e+06
-5.243304368220721371e+06
-7.194574526617139578e+06
-5.866611983717993833e+06
-5.618747874117658474e+06
-5.985440835186230019e+06
-6.458407619606860913e+06
-6.083342282894691452e+06
-6.585132804655333981e+06
-7.155509876006246544e+06
-7.175250532915706746e+06
-8.094822157412265427e+06
-8.610109393891543150e+06
-8.739691756056081504e+06
-8.127161933100425638e+06
-9.560312919235773385e+06
-8.815228129013175145e+06
-8.988400225672343746e+06
-9.704650881734568626e+06
-8.974672651057256386e+06
-1.192757678133877367e+07
-1.019805236142633669e+07
-9.955955543142277747e+06
-1.076243339051213674e+07
-1.097349587201978266e+07
-1.125764755496838316e+07
-1.038801157897992432e+07
-1.247991820639038086e+07
-1.305146180652505346e+07
-1.182350294034566544e+07
-1.130314003355991654e+07
-1.451556479030397348e+07
-1.385995414188303053e+07
-1.316796202984162606e+07
-1.325703346272327006e+07
-1.685372561844070628e+07
-1.521913331870056316e+07
-1.579224285584913753e+07
-2.275670473603270203e+07
-1.636769570358662121e+07
-1.627083673840693384e+07
-1.758690898409209400e+07
-1.807491209294111282e+07
-1.983256903018192574e+07
-1.868385220916135982e+07
-2.116488287229032069e+07
-1.929833795822129399e+07
-1.981207671542862803e+07
-2.084252357679139450e+07
-2.102514805448406562e+07
-2.279145430473868921e+07
-2.332063364698440582e+07
-2.410288805371408910e+07
-2.431836611916546524e+07
-2.633749786732413992e+07
-2.883482117813679948e+07
-3.349211679244172573e+07
-2.820778670988973975e+07
-2.785546338675444573e+07
-3.103693964133619517e+07
-3.027508158740721270e+07
-3.052618673797503486e+07
-3.499151148122035712e+07
-3.295635844768920168e+07
-3.226352664777100459e+07
-3.503338161015258729e+07
-3.897083676075094193e+07
-3.677465479462084919e+07
-3.988744841850441694e+07
-6.926488658452220261e+07
-4.413814605547191948e+07
-4.499485870382250100e+07
-4.351144925836870819e+07
-5.439118835798086226e+07
-4.536015448048925400e+07
-4.809274739425395429e+07
-5.043307867528907210e+07
-4.769403638801993430e+07
-5.017819514173187315e+07
-5.809558995186693221e+07
-4.968885591095808893e+07
-4.967274085020925850e+07
-5.715638541537716240e+07
-6.062576691035724431e+07
-7.459920077902655303e+07
-6.505206036948831379e+07
-5.820423435624317825e+07
-6.238253831450343877e+07
-6.829001404588884115e+07
-6.700002129549014568e+07
-7.061913504484957457e+07
-6.732938917483304441e+07
-7.664186626983481646e+07
-9.265477909196233749e+07
-7.613600445261169970e+07
-8.736646589375999570e+07
-8.229645836901587248e+07
-7.895867497094154358e+07
-8.409359951331661642e+07
-8.723505421419778466e+07
-9.664962779231421649e+07
-1.041455797052773684e+08
-9.412047580406257510e+07
-1.035367486776408106e+08
-1.174098534683135599e+08
-1.086259935860507786e+08
-1.151239377914850861e+08
-1.095206586859243959e+08
-1.199267526510037184e+08
-1.249190369778393805e+08
-1.289517325007938892e+08
-1.298827537391460240e+08
-1.417776100994974375e+08
-1.464282915072289109e+08
-1.338776549073588550e+08
-1.399703693193499744e+08
-1.564590014329325557e+08
-1.622181437839993834e+08
-1.678520583252768517e+08
-1.693244590165932477e+08
-1.959848302568795383e+08
-1.659962284341108203e+08
-2.120914535633080304e+08
-1.832338987584776878e+08
-1.909489320531192124e+08
-1.962487287780866027e+08
-1.848870695566684306e+08
-1.833796685607301593e+08
-2.147921308651398122e+08
-2.112948674655150771e+08
-2.010826307455813885e+08
-2.654426167155088782e+08
-2.108349456690842509e+08
-2.417359614678763449e+08
-2.347956593790567517e+08
-2.486132962488668561e+08
-2.335271956531485915e+08
-2.632468445260693729e+08
-3.568343327900971770e+08
-3.635904561919616461e+08
-2.979558150828126073e+08
-2.810949361254760027e+08
-2.899870044709866047e+08
-3.252653434319585562e+08
-3.028788727925446630e+08
-2.924791012347679138e+08
-3.280658037445827723e+08
-3.214484667490035295e+08
-3.764286233823422790e+08
-3.315018733204177022e+08
-3.567158888622893691e+08
-3.785583002842680216e+08
-3.531108379310364127e+08
-3.844181360798562169e+08
-3.885906575622771382e+08
-3.779661641225283146e+08
-4.388220569668198824e+08
-5.179595724206510186e+08
-6.022646422621767521e+08
-4.422007214963797331e+08
-4.708138355095105767e+08
-5.093130395251221061e+08
-4.783788030802014470e+08
-4.642405796090471745e+08
-5.280540584118443131e+08
-6.762476770977144241e+08
-5.177195012309342623e+08
-4.829789213972507119e+08
-5.049071650404826999e+08
-5.246396624920117259e+08
-6.363952347727990150e+08
-5.058523072551912069e+08
-5.271586616757054925e+08
-6.113320194286565781e+08
-6.476836182060805559e+08
-5.498199735589251518e+08
-7.413326736367107630e+08
-5.631473056251320839e+08
-6.065190803386030197e+08
-6.600971909617381096e+08
-6.139159382428417206e+08
-6.356138349543205500e+08
-6.272692607027883530e+08
-9.517070821262576580e+08
-6.984640069723138809e+08
-6.536582623568598032e+08
-7.409366132889540195e+08
-7.569116284175840616e+08
-7.986752814496228695e+08
-7.980682455302194357e+08
-7.259983692237952948e+08
-7.826954002081192732e+08
-7.614283707370307446e+08
-8.551235886816723347e+08
-1.004005680394820690e+09
-7.705479801711566448e+08
-8.709600379507094622e+08
-8.591880060901201963e+08
-9.444022575217152834e+08
-9.560305225296595097e+08
-9.051947426003807783e+08
-9.485883327611585855e+08
-9.303929291772363186e+08
-9.697309117486703396e+08
-8.800822010003511906e+08
-1.056815111440394759e+09
-1.012230585790103078e+09
-1.022878737812149763e+09
-1.123364215837107420e+09
-1.077659302974536180e+09
-1.013469812967743993e+09
-1.020332734204112887e+09
-9.636388481465249062e+08
-1.053763976920079589e+09
-1.163953192446232796e+09
-1.074096332629495144e+09
-1.099307468011579514e+09
-1.170496886445378065e+09
-1.091702581254804134e+09
-1.127759689453038454e+09
-1.202492642017328262e+09
-1.159316374403016567e+09
-1.300762377826718807e+09
-1.271694812757304192e+09
-1.071224010291847825e+09
-1.160954326779606819e+09
-1.106795435987461567e+09
-1.331506534381213427e+09
-1.532941456512158394e+09
-1.356137054836659670e+09
-1.479265440692164898e+09
-1.451812896626315117e+09
-1.404844945772456646e+09
-1.141616409539547682e+09
-1.454616172801924706e+09
-1.409944669528134823e+09
-1.580699729798436642e+09
-1.524399040672601461e+09
-1.488625602814928055e+09
-1.863730194734456778e+09
-1.599420405521826267e+09
-1.350531114417040586e+09
-1.414174749980918646e+09
-1.613269336613742590e+09
-1.483717658242298841e+09
-1.351060159262530565e+09
-1.531214859332571507e+09
-1.634937441988596678e+09
-1.583283102088116884e+09
-1.506054847016943693e+09
-1.925195232646248102e+09
-1.349263776075722218e+09
-1.469867787127778053e+09
-1.462947555165863752e+09
-1.962548816186341286e+09
-1.479216914785034180e+09
-1.770456697929718971e+09
-1.581531715533744097e+09
-1.687365077015118837e+09
-1.975125839519455194e+09
-1.646293959826216936e+09
-1.596956267273561716e+09
-1.409519376772269011e+09
-1.627823689640958548e+09
-1.823110379091461182e+09
-1.680479387850185394e+09
-1.713490011306372881e+09
-1.812904175143073559e+09
-1.804689651768735170e+09
-1.729112251132451057e+09
-1.815032462930938005e+09
-1.923440662080693245e+09
-1.821041374858959436e+09
-1.644638958376237392e+09
-1.895735566526771307e+09
-1.949010327249173880e+09
-1.605939637800910711e+09
-1.935429498521713257e+09
-1.889664470415743589e+09
-1.850512768645881414e+09
-1.701381450102440119e+09
-1.746602873354578018e+09
-1.727396286641965151e+09
-1.725358064671204329e+09
-1.761136000213982344e+09
-1.524763478223150969e+09
-1.573577494048111916e+09
-1.812710976010421276e+09
-1.829935095776227951e+09
-1.885645205966114759e+09
-1.840803802916356325e+09
-1.648947646270488977e+09
-1.696950044232501984e+09
-1.984052387954637051e+09
-1.776020592337567329e+09
-1.765657969274825573e+09
-1.957222121325169563e+09
-1.734907419555640459e+09
-1.695367068074288368e+09
-1.647717094022349358e+09
-1.898115568342942715e+09
-1.966250745059937954e+09
-1.895419991884979963e+09
-1.719789729207420111e+09
-2.540233485708406925e+09
-1.347741087939082384e+09
-1.762093210584614992e+09
-2.158613095237467289e+09
-2.032507583279491186e+09
-1.639821053380821705e+09
-1.753348253025629997e+09
-2.041263654062322140e+09
-1.885927815992629290e+09
-1.770055726001832247e+09
-1.915692029832882643e+09
-1.368881361574061632e+09
-1.819783753979099274e+09
-1.492445178268061399e+09
-1.577443818293601990e+09
-1.304075560089107037e+09
-1.463391175183806896e+09
-1.255885882691181183e+09
-1.393021584184043646e+09
-1.614037688147245407e+09
-1.512486387522956371e+09
-1.309333646298218966e+09
-1.515175494446974754e+09
-1.275486757484491825e+09
-1.242910680170102358e+09
-1.032680021231432915e+09
-1.259259712880933523e+09
-1.392323912890218973e+09
-1.014401122376783848e+09
-8.526725734657821655e+08
-1.199956613921157598e+09
-1.196194276067054749e+09
-8.824776329116866589e+08
-1.063454366710194826e+09
-8.782552206437399387e+08
-9.644721266506547928e+08
-9.595458397662774324e+08
-7.397718331548343897e+08
-7.026060153665157557e+08
-7.337144816296635866e+08
-4.875915640895497799e+08
-5.364790548991476297e+08
-5.254396834373114705e+08
-5.153666787173892260e+08
-7.380637762537249327e+08
-5.158224107415735722e+08
-4.421130909752725363e+08
-7.130236923721388578e+08
-4.669939484294582605e+08
-3.936530682239142060e+08
-2.775063965271025896e+08
-4.587627592643891573e+08
-6.479668756725000143e+08
-2.851993162018063068e+08
-5.883787897081277370e+08
-1.599045888295085430e+08
-2.706530244492053390e+08
-1.922763147239302099e+08
-1.635392300570772886e+08
-2.268196308560836017e+08
-2.461936991266846955e+08
-1.428002300422573388e+08
-1.388477473225617707e+08
-1.838131490953078568e+08
-1.186145915088872761e+08
-2.614880941814778447e+08
-2.148629175543084145e+08
-4.484683406870172173e+07
-9.672774344330045581e+07
-8.224860682529491186e+07
-4.968244371380012482e+07
-9.694316662156222761e+07
-4.741340620849607140e+07
-4.656652052722850442e+07
-6.839224808306613564e+07
-6.909431711974211037e+07
-3.788174453876519203e+07
-1.576789076214701310e+07
-1.535332909849138744e+07
-2.181765647973107994e+08
-1.855556896026123315e+07
-3.578048403301244974e+07
-6.945824952206549048e+07
-1.407389511168511119e+06
-7.894539735578016937e+07
-5.462714320278186351e+06
-1.415442204574638791e+07
-2.142927782777580898e+06
-2.072993418293888867e+07
-5.292735908308087382e+05
-6.550141053094462305e+07
-1.131467159698764607e+07
2.970290843329012860e+05
-1.031855436702168547e+07
-6.096207557901153341e+06
-4.789969037098017521e+06
2.995415255460902583e+06
-6.880823242174846819e+05
1.867644342560238438e+05
2.676581885850922205e+06
5.827970159910448128e+05
-1.376077083457893925e+06
-9.363459710703641176e+06
0.000000000000000000e+00
-4.211480216015624814e+06
-4.889599417738133343e+05
-3.362097568627810106e+06
0.000000000000000000e+00
0.000000000000000000e+00
-1.533711418278769823e+06
-1.857556159663117677e+07
-4.457239607163177425e+04
0.000000000000000000e+00
0.000000000000000000e+00
0.000000000000000000e+00
-2.807021029697035192e+04
0.000000000000000000e+00
0.000000000000000000e+00
0.000000000000000000e+00
0.000000000000000000e+00
0.000000000000000000e+00
0.000000000000000000e+00
0.000000000000000000e+00
0.000000000000000000e+00
0.000000000000000000e+00
0.000000000000000000e+00
0.000000000000000000e+00
0.000000000000000000e+00
0.000000000000000000e+00
0.000000000000000000e+00
0.000000000000000000e+00
0.000000000000000000e+00
0.000000000000000000e+00
0.000000000000000000e+00
0.000000000000000000e+00
0.000000000000000000e+00
0.000000000000000000e+00
0.000000000000000000e+00
0.000000000000000000e+00
0.000000000000000000e+00
0.000000000000000000e+00
0.000000000000000000e+00
0.000000000000000000e+00
0.000000000000000000e+00
0.000000000000000000e+00
0.000000000000000000e+00
0.000000000000000000e+00
0.000000000000000000e+00
0.000000000000000000e+00
0.000000000000000000e+00
0.000000000000000000e+00
0.000000000000000000e+00
0.000000000000000000e+00
0.000000000000000000e+00
0.000000000000000000e+00
0.000000000000000000e+00
0.000000000000000000e+00
0.000000000000000000e+00
0.000000000000000000e+00
0.000000000000000000e+00
0.000000000000000000e+00
0.000000000000000000e+00
0.000000000000000000e+00
0.000000000000000000e+00
0.000000000000000000e+00
0.000000000000000000e+00
0.000000000000000000e+00
0.000000000000000000e+00
0.000000000000000000e+00
0.000000000000000000e+00
0.000000000000000000e+00
0.000000000000000000e+00
0.000000000000000000e+00
0.000000000000000000e+00
0.000000000000000000e+00
0.000000000000000000e+00
0.000000000000000000e+00
0.000000000000000000e+00
0.000000000000000000e+00
0.000000000000000000e+00
0.000000000000000000e+00
0.000000000000000000e+00
0.000000000000000000e+00
0.000000000000000000e+00
0.000000000000000000e+00
0.000000000000000000e+00
0.000000000000000000e+00
0.000000000000000000e+00
0.000000000000000000e+00
0.000000000000000000e+00
0.000000000000000000e+00
0.000000000000000000e+00
0.000000000000000000e+00
