# TSI,PUR;GWD,JPT
0.000000000000000000e+00
-3.170540713016081601e+07
-1.052947297699222108e+06
-9.081802084580566734e+05
-9.256926129203469027e+05
-1.736340762490194058e+06
-9.071725496720913798e+05
-9.641022547071644804e+05
-1.344782000390208559e+06
-9.845906673341263086e+05
-1.058325506474939641e+06
-1.030094242910334608e+06
-1.046466233269909862e+06
-1.373701373398738215e+06
-1.233734182872137520e+06
-9.772732373268898809e+05
-1.361711884754951345e+06
-1.222801690914079547e+06
-1.775641538405248430e+06
-1.691932721998139285e+06
-1.292436616251322674e+06
-2.036580107506214874e+06
-1.363161974871237762e+06
-1.531663324733580928e+06
-1.245166656673987862e+06
-1.289643456943953410e+06
-1.402220586388748838e+06
-1.753504101876269793e+06
-1.664177194796381285e+06
-1.640977972706113243e+06
-2.706963123054557946e+06
-1.814172646555992076e+06
-1.898067299989742227e+06
-1.571876778926940868e+06
-1.679544310607883614e+06
-2.917240146383797284e+06
-2.280119687938259449e+06
-1.893940524458552245e+06
-2.246391758298527915e+06
-2.212858363224421628e+06
-2.575178922143246513e+06
-7.147373449893766083e+06
-2.772989546986116096e+06
-2.276121944094727281e+06
-2.494739101366560906e+06
-2.673988458952068351e+06
-4.303420961460163817e+06
-2.374382710485093296e+06
-3.457928708720119204e+06
-2.668548433636187110e+06
-2.466317307989474852e+06
-3.044912536189683713e+06
-3.006434590780865401e+06
-2.911186242192726117e+06
-3.226547903310948983e+06
-3.475139545722493436e+06
-3.461666114210947417e+06
-4.019326297277127393e+06
-3.362865253788943402e+06
-3.869316092281770427e+06
-3.620855159685130231e+06
-4.222320025459882803e+06
-4.052501279568267055e+06
-4.394207674862425774e+06
-4.294706353043345734e+06
-3.663690289326449391e+06
-1.058536808672982827e+07
-5.287987797595319338e+06
-5.161438424426924437e+06
-6.613171275763685815e+06
-4.483812286436649039e+06
-5.583341986344932579e+06
-9.394121437002079561e+06
-5.166884306078042835e+06
-6.429772841202605516e+06
-6.031594170866226777e+06
-4.870860608597878367e+06
-5.868129527391327545e+06
-5.688828374889427796e+06
-6.819661652028629556e+06
-8.250038096140982583e+06
-7.356830771295712329e+06
-4.637973916017330252e+06
-6.081204615104496479e+06
-7.847240433459836990e+06
-1.075813655067505687e+07
-6.228505456522560678e+06
-1.016692821278051659e+07
-8.311542700612694025e+06
-8.256698926193439402e+06
-1.034077634455021657e+07
-8.409475978055376559e+06
-9.957610115353062749e+06
-6.865869966389884241e+06
-8.518366562351854518e+06
-1.103064834331661463e+07
-8.478200027367711067e+06
-1.009880210093583353e+07
-1.289527169158242457e+07
-8.930526180135596544e+06
-1.020436496714354120e+07
-1.015296579858551174e+07
-9.952418276864299551e+06
-1.277765408636849001e+07
-1.402781611433345452e+07
-1.246369466071137600e+07
-1.397864702047643065e+07
-2.420176856019776314e+07
-1.391141309812054969e+07
-7.124296357071872801e+06
-1.360203021472454257e+07
-1.155893220229316503e+07
-1.668903605427402072e+07
-1.552987519420714118e+07
-1.724916922803444415e+07
-1.433187822014500201e+07
-2.875119945176833868e+07
-1.723465816137082130e+07
-1.596729991987564228e+07
-1.435947263169113174e+07
-1.991631938364215940e+07
-1.287925243843717314e+07
-1.690027246376141161e+07
-2.347319661586995050e+07
-1.906333277071946114e+07
-1.789716361030673608e+07
-2.637137940969271213e+07
-2.687679317606183141e+07
-1.786482595125756040e+07
-1.946772616372407228e+07
-2.124761616162711009e+07
-2.078274621973549575e+07
-2.228913882672563195e+07
-2.733951489596786350e+07
-3.381301754044949263e+07
-2.734490273039598018e+07
-3.803588434051062167e+07
-2.537885375816298276e+07
-3.306110753950674459e+07
-2.151321385651620850e+07
-2.267205945605125651e+07
-1.201344459745443761e+08
-4.158998233674804866e+07
-3.532726554772415757e+07
-3.416990704453596473e+07
-3.377974748020160198e+07
-3.882668680006793886e+07
-3.626255334983459115e+07
-3.702733486334726959e+07
-3.286606736359537393e+07
-3.460226630686531961e+07
-4.710959137090473622e+07
-4.301581065086161345e+07
-4.091159024083124846e+07
-3.571652557505870610e+07
-3.687436475750437379e+07
-3.968207554970204830e+07
-4.540068228684508801e+07
-3.427433518288608640e+07
-5.524752127221410722e+07
-5.822475576553421468e+07
-8.014601190228070319e+07
-4.345730215715152770e+07
-4.768574338622055203e+07
-4.781913768226925284e+07
-6.004752595465179533e+07
-4.981415949335332215e+07
-5.291275038379325718e+07
-9.781967492142768204e+07
-5.622389016087475419e+07
-5.591811242468432337e+07
-3.679085902689504623e+07
-5.650202552013014257e+07
-1.096647403438439369e+08
-5.457092587682294101e+07
-6.419487137785935402e+07
-7.962696222649487853e+07
-5.928075969485703856e+07
-5.580925336759230494e+07
-1.219171434360948354e+08
-5.864894489516521245e+07
-7.080667435286442935e+07
-7.224850726902499795e+07
-7.366385041846776009e+07
-6.498791495734474063e+07
-6.807979878368730843e+07
-1.740304198781531751e+08
-8.077466310708467662e+07
-9.388374653054928780e+07
-1.012784949107731432e+08
-8.568296222291547060e+07
-1.115243051398060322e+08
-8.146804164022062719e+07
-8.195507242386282980e+07
-9.846829514527575672e+07
-9.427079918707664311e+07
-8.715380329175996780e+07
-1.852489879077849090e+08
-8.327481625018627942e+07
-1.008747384735585898e+08
-8.435035849677653611e+07
-9.586073329933720827e+07
-9.896773240308906138e+07
-1.097995631598068029e+08
-1.116608819223591387e+08
-1.159006084047229290e+08
-1.078661809868452698e+08
-1.093436095529370606e+08
-1.267639438439870626e+08
-1.276958948514219820e+08
-7.499485277061550319e+07
-1.221325056516192257e+08
-1.265704336321982294e+08
-1.394004357953694165e+08
-1.637774171638304293e+08
-1.197875125786575824e+08
-1.430272436426037252e+08
-1.214262578653017730e+08
-1.016782523375707120e+08
-1.321499597837884128e+08
-1.441091343401189148e+08
-1.400758556349628270e+08
-1.150243026304000765e+08
-1.231746876892152727e+08
-1.279048043398095071e+08
-1.589061037973822951e+08
-1.412203684013501406e+08
-1.209621407139004469e+08
-1.581381432482667565e+08
-1.381024628153865933e+08
-1.469029509377820790e+08
-2.097367148581022918e+08
-1.896715465575065613e+08
-1.945097297433712482e+08
-1.824926867531890273e+08
-1.963575201446700692e+08
-1.372693744835441709e+08
-1.761896342423996925e+08
-1.966022569664026499e+08
-1.953525010328301191e+08
-1.916829479850073159e+08
-1.810890597712406516e+08
-2.299558740204342604e+08
-1.920696580721487105e+08
-1.824273426036813557e+08
-1.544807298759984970e+08
-1.723870320527067184e+08
-2.021071586394429207e+08
-1.689026777827992141e+08
-1.885237712634106576e+08
-1.896047058153693080e+08
-1.804156130279546678e+08
-1.400214651801581383e+08
-1.988840982026984394e+08
-1.251622005213837326e+08
-1.648985806445706785e+08
-1.978163744940471947e+08
-2.445806301072949469e+08
-1.544734278807089925e+08
-2.032315704961033762e+08
-2.273255628368692994e+08
-1.600876349271460474e+08
-1.947608126214305460e+08
-1.782988392367549241e+08
-2.695588981773944497e+08
-1.720491543315706253e+08
-1.559651648059389889e+08
-1.718791581446818411e+08
-1.955694066517240703e+08
-1.867086183701503873e+08
-2.688533802234137058e+08
-1.889244154536045790e+08
-1.827119990821675956e+08
-1.448665659759086967e+08
-1.781152225315448344e+08
-2.108477615044100881e+08
-2.192937643092736304e+08
-2.184700061404567063e+08
-1.708072025227469504e+08
-1.314112012233898938e+08
-2.251336495650412738e+08
-1.762625165001555979e+08
-1.749004734627361596e+08
-1.718590695767854750e+08
-1.535011699491499662e+08
-1.788986966566179395e+08
-1.873110408552211523e+08
-2.217931828224086463e+08
-1.043012993212538958e+08
-1.285717339644278586e+08
-1.963999593325264752e+08
-2.436944181479078233e+08
-2.379074093602761328e+08
-2.557252748536176085e+08
-1.753577512639942169e+08
-2.020258771615575850e+08
-1.994190866670466363e+08
-2.271482358964176476e+08
-8.933590211275073886e+07
-1.798205351111741364e+08
-1.431547413348979950e+08
-2.093803822593271136e+08
-1.809025368323917091e+08
-1.492327993242734075e+08
-2.454361838745391369e+08
-2.615371077090133429e+08
-1.552772238368447125e+08
-3.102994748334604502e+08
-1.315528784565659463e+08
-1.652443878363393247e+08
-2.903765234966720343e+08
-1.723353196392217278e+08
-2.344838327170574367e+08
-1.909257226284516454e+08
-3.281798851954514980e+08
-1.592560721648958623e+08
-1.779382654760953188e+08
-2.295734735243842602e+08
-6.416358016397891194e+07
-2.483972163131698370e+08
-1.271701971616211534e+08
-2.065079633860435486e+08
-1.425916365067349970e+08
-1.180868087731370181e+08
-1.192622260467300266e+08
-1.154461562121876329e+08
-2.545335331289329827e+08
-2.355045353139292300e+08
-1.185493423452258855e+08
-1.742388279825608432e+08
-1.230004407323599607e+08
-1.805902775126618147e+08
-7.740206615880849957e+07
-1.553141938242971301e+08
-9.414692409922030568e+07
-1.033706022828898132e+08
-6.104255754823572934e+07
-1.320692242119723409e+08
-1.016888154334548116e+08
-9.131265167235909402e+07
-8.602838368656572700e+07
-4.954097588365467638e+07
-7.310716768636173010e+07
-1.041483882087355107e+08
-9.632166430718705058e+07
-1.049963876680268161e+07
-9.574897668936230242e+07
-2.186875380712018907e+07
-6.398976832497493923e+07
1.118135819093047641e+07
-5.296621166419396549e+07
-7.776211808132784069e+07
-1.070896450390592963e+08
-2.728805710900313407e+07
-1.285215373487945050e+08
-5.054422435638821125e+07
-2.589801761114368960e+07
-3.111171362507449463e+07
-7.758258326986727118e+07
-4.061080234232778102e+07
-8.482840493414647877e+06
2.190683821955231950e+07
-1.471875724042408168e+07
-4.455906588079793751e+07
-2.176861728139400855e+07
6.010580210050897673e+06
-5.001157088133521378e+07
-1.096710034531037509e+07
-1.751849922852928936e+07
-3.337813729008289427e+07
1.688907040631576255e+07
-1.508655308619850688e+07
6.101308737201702595e+07
9.915699308384932578e+06
-1.184986530353284627e+07
-4.945208476168729365e+07
-2.470441311887450516e+06
-4.527362532717944123e+06
-3.477645298300005961e+06
8.655971086265288293e+06
8.817015593342486769e+06
-1.564067373254023492e+06
-1.146021750081322342e+07
2.073255726382946596e+07
-2.150904262638716958e+06
2.365443044666126370e+06
-1.310349997041918896e+07
-3.865528757784995716e+06
-9.126606654323888943e+06
2.304348487998481467e+07
4.413664672816481441e+06
1.887839938668897748e+07
-8.635969224857960362e+05
-6.153777836068469100e+06
-3.196043271100175567e+06
-5.480441685384883545e+06
1.085649578597938083e+07
-7.910909092215698212e+06
3.054447524588909931e+06
-6.741679234435101971e+05
-1.831833372929774923e+06
5.659685612879288383e+06
-4.074846111789778806e+05
1.170843216202748939e+06
-1.374440703016643529e+05
-4.034069856319065730e+04
1.047502265350568341e+06
4.863432742349466425e+05
-1.187126893177587539e+06
-2.471009070770985447e+06
0.000000000000000000e+00
-1.484395209209261695e+06
2.249377718472073786e+06
-9.964653270137649961e+05
0.000000000000000000e+00
0.000000000000000000e+00
-3.242264977570215124e+05
-2.088125213163969573e+06
-1.914944529459514597e+05
0.000000000000000000e+00
0.000000000000000000e+00
0.000000000000000000e+00
5.718817023334123660e+05
0.000000000000000000e+00
0.000000000000000000e+00
0.000000000000000000e+00
0.000000000000000000e+00
0.000000000000000000e+00
0.000000000000000000e+00
0.000000000000000000e+00
0.000000000000000000e+00
0.000000000000000000e+00
0.000000000000000000e+00
0.000000000000000000e+00
0.000000000000000000e+00
0.000000000000000000e+00
0.000000000000000000e+00
0.000000000000000000e+00
0.000000000000000000e+00
0.000000000000000000e+00
0.000000000000000000e+00
0.000000000000000000e+00
0.000000000000000000e+00
0.000000000000000000e+00
0.000000000000000000e+00
0.000000000000000000e+00
0.000000000000000000e+00
0.000000000000000000e+00
0.000000000000000000e+00
0.000000000000000000e+00
0.000000000000000000e+00
0.000000000000000000e+00
0.000000000000000000e+00
0.000000000000000000e+00
0.000000000000000000e+00
0.000000000000000000e+00
0.000000000000000000e+00
0.000000000000000000e+00
0.000000000000000000e+00
0.000000000000000000e+00
0.000000000000000000e+00
0.000000000000000000e+00
0.000000000000000000e+00
0.000000000000000000e+00
0.000000000000000000e+00
0.000000000000000000e+00
0.000000000000000000e+00
0.000000000000000000e+00
0.000000000000000000e+00
0.000000000000000000e+00
0.000000000000000000e+00
0.000000000000000000e+00
0.000000000000000000e+00
0.000000000000000000e+00
0.000000000000000000e+00
0.000000000000000000e+00
0.000000000000000000e+00
0.000000000000000000e+00
0.000000000000000000e+00
0.000000000000000000e+00
0.000000000000000000e+00
0.000000000000000000e+00
0.000000000000000000e+00
0.000000000000000000e+00
0.000000000000000000e+00
0.000000000000000000e+00
0.000000000000000000e+00
0.000000000000000000e+00
0.000000000000000000e+00
0.000000000000000000e+00
0.000000000000000000e+00
0.000000000000000000e+00
0.000000000000000000e+00
0.000000000000000000e+00
0.000000000000000000e+00
0.000000000000000000e+00
0.000000000000000000e+00
0.000000000000000000e+00
0.000000000000000000e+00
0.000000000000000000e+00
