# TSI,CEU;FIN,CHB
0.000000000000000000e+00
-2.238198320360379666e+07
8.330609645180579275e+06
-4.484037206432534754e+07
-3.090085249539739639e+07
-1.272936931643936969e+07
-1.331752655903024077e+08
-1.101142665800372958e+08
-2.938859963861804456e+07
-1.548281754235894680e+08
-1.022453796678591073e+08
-1.452829354052280784e+08
2.728228826730602421e+06
-1.712945377634487748e+08
-1.745308104064815640e+08
-6.088530556150957197e+07
4.723725301719092578e+07
-9.502612971376940608e+07
-4.974008724648553729e+08
-3.954771665929855704e+08
8.920258808475165367e+08
1.358215884851890326e+09
2.727773737172743082e+08
1.188042773324165046e+08
-7.908423027424898744e+07
-3.484568733668554574e+07
-1.040578841761063635e+08
-9.672354467503482103e+07
-3.883387949056115746e+08
-1.161312261251407862e+08
-6.019512261003219523e+06
-1.271271119555625021e+08
-2.137258414790705442e+08
4.036806204210219979e+08
-3.961455771155757308e+08
-2.974444870535888672e+08
-1.880576456365115941e+07
-7.639535556685945988e+08
-1.257983286040013313e+09
-9.235153121166479588e+08
-7.318692931685727835e+08
-8.974851714968094826e+08
-2.977689324677747488e+08
-1.122348263455247283e+08
-1.178690901685910225e+08
-5.252784891568589024e+06
-8.442444899022959173e+06
-7.535536892593028024e+05
9.087392039468204603e+05
-1.100464078847941710e+06
