# ASW,CEU;MSL,CHB
0.000000000000000000e+00
6.791540979946850538e+08
1.757984059362723827e+08
4.154912701671969295e+08
6.872025556511822939e+08
8.871650120905634165e+08
1.342688446966006279e+09
1.602310586618953943e+09
2.099105682334750175e+09
2.149505690108407021e+09
2.239714847805578232e+09
2.585571942644016266e+09
2.268559602694278717e+09
2.394953023509436607e+09
2.829861688164408684e+09
3.539432688797891140e+09
5.508535424224013329e+09
6.747933295176844597e+09
8.877538166459892273e+09
1.155906277163791275e+10
1.380922019844113159e+10
2.048888288297916412e+10
1.780010438927023697e+10
1.757123886579296112e+10
1.674326722939532852e+10
1.519637883316936302e+10
1.863171110435247421e+10
1.379381365315469933e+10
2.050948893581465912e+10
9.992328179573886871e+09
1.302464443184841919e+10
1.719775185571597290e+10
1.642313262545000267e+10
1.766259843130705643e+10
2.373944134921807098e+10
3.031395287185886383e+10
3.546309799247160339e+10
4.976946779060633087e+10
6.604019932169174957e+10
7.091463274505876160e+10
8.637491745505749512e+10
6.562783418915596008e+10
3.940012710451549530e+10
2.055420465173718262e+10
1.227783191222764778e+10
3.715780987702188015e+09
1.131957352058124304e+09
1.639464887309820354e+08
4.058196756157233119e+08
7.457149720473878551e+04
