# IBS,GBR;FIN,JPT
0.000000000000000000e+00
-2.624442774554795772e+07
-2.976727765718525648e+07
-5.931895695955880731e+07
1.785596313668685965e+06
-4.346171770091976970e+07
-3.934781609803730994e+07
-7.744882433539806306e+07
-6.051854093394572288e+07
-3.613074710866971314e+07
-2.379630645629648864e+07
-8.199221556536242366e+07
7.604315697670026682e+06
-1.546272303625978827e+08
-1.102406308582855314e+08
-1.450406479370238185e+08
-6.228514232184358835e+08
-6.888512595648579299e+07
-4.878843776089877486e+08
-3.174748656453133225e+08
-2.596586899779371619e+08
-2.478039677005083263e+08
-4.379204989300325513e+08
-4.417636501425793767e+08
2.431217788339609206e+08
-1.882000632283351123e+08
-3.434092549118578434e+08
1.286919557579195499e+08
-1.539292617440487146e+08
-1.081474887113552541e+07
-6.131739476248169690e+07
-6.206121340196515620e+07
9.393955052433876693e+07
3.308680544465888143e+08
-1.414116003019262254e+08
-3.275482393665868640e+08
-1.282607656734708399e+08
-1.639650724559700489e+08
-7.208951867644370794e+08
-7.327809884115402699e+08
-2.774940076292209625e+08
-5.130015097072675824e+08
-5.505576262985531092e+08
-7.428218557487239838e+08
-1.813984741427782690e+06
-1.726967613876161724e+07
-1.654815322402356006e+07
4.640758856841250323e+06
-2.154769812404050305e+07
-1.114203036302651977e+06
