# PUR,TSI;GWD,JPT
0.000000000000000000e+00
9.819559446613852680e+07
-2.467450286087537557e+07
3.247306957813437283e+07
1.086363478133440763e+08
7.580843865989904106e+07
1.394812579269650280e+08
2.044938757218646109e+08
2.853689713254595399e+08
3.212297335396330357e+08
1.941486155757223070e+08
3.302887535374379158e+08
1.977888676187274158e+08
3.081007072676796913e+08
2.450607804046529233e+08
3.619220175380963683e+08
6.606595895093880892e+08
6.281222689373432398e+08
7.058032225787363052e+08
1.036209397210034490e+09
1.048763144060080767e+09
4.049736509338626862e+09
1.521641671386785269e+09
2.500678438861385345e+09
1.863369847073380947e+09
1.857693900927103519e+09
2.698918301697971821e+09
1.735176690473289728e+09
3.064002920499326229e+09
1.043193123867819667e+09
1.406652064354047060e+09
3.904353160387547970e+09
2.507132576070050240e+09
1.940155014147351742e+09
2.822518920088312626e+09
3.317388775866898060e+09
4.042995308377583981e+09
6.570380039956840515e+09
9.987267648439800262e+09
8.969554499166709900e+09
1.093535847474484253e+10
8.235165249695063591e+09
5.082915579815587044e+09
1.974690114628383160e+09
1.393305099737163544e+09
4.527706792262468338e+08
1.185548331856770664e+08
9.346301568559063599e+05
8.260477266235476732e+07
6.209531370627803262e+05
